-1174404424
-855637297
-855637297
-855637297
-667311040
-648347648
-648347648
-648347648
-648347648
-648346929
-648316016
-648282112
-648252745
-648252300
-648250845
-648250352
-648250352
-648249896
-648230016
-648229525
-648159994
-648150321
-648091064
-647834600
-647762648
-647762648
-647762592
-647703368
-627310592
-626196480
-626039241
-626007574
-626001717
-626001620
-625988384
-625987907
-625987285
-625961560
-625956079
-625951120
-625951120
-625947303
-625937704
-625937704
-625937704
-625937290
-625917382
-625917382
-625917382
-625917382
-625917382
-625818887
-625721448
-625721304
-625721304
-625708288
-625708256
-625667689
-624946320
-624946320
-624946064
-624946064
-624946064
-624919456
-624908264
-529697949
-361519104
-344872960
-2
-2
-2
-1
-1
-1
-1
-1
0
0
0
0
0
0
0
0
0
0
0
0
0
0
0
0
0
0
0
0
0
0
0
0
0
0
0
0
0
0
0
0
0
0
0
0
0
0
0
0
0
0
0
0
0
0
0
0
0
0
0
0
0
0
0
0
0
0
0
0
0
0
0
0
0
0
0
0
0
0
0
0
0
0
0
0
0
0
0
0
0
0
0
0
0
0
0
0
0
0
0
0
0
0
0
0
0
0
0
0
0
0
0
0
0
0
0
0
0
0
0
0
0
0
0
0
0
0
0
0
0
0
0
0
0
0
0
0
0
0
0
0
0
0
0
0
0
0
0
0
0
0
0
0
0
0
0
0
0
0
0
0
0
0
0
0
0
0
0
0
0
0
0
0
0
0
0
0
0
0
0
0
0
0
0
0
0
0
0
0
0
0
0
0
0
0
0
0
0
0
0
0
0
0
0
0
0
0
0
0
0
0
0
0
0
0
0
0
0
0
0
0
0
0
0
0
0
0
0
0
0
0
0
0
0
0
0
0
0
0
0
0
0
0
0
0
0
0
0
0
0
0
0
0
0
0
0
0
0
0
0
0
0
0
0
0
0
0
0
0
0
0
0
0
0
0
0
0
0
0
0
0
0
0
0
0
0
0
0
0
0
0
0
0
0
0
0
0
0
0
0
0
0
0
0
0
0
0
0
0
0
0
0
0
0
0
0
0
0
0
0
0
0
0
0
0
0
0
0
0
0
0
0
0
0
0
0
0
0
0
0
0
0
0
0
0
0
0
0
0
0
0
0
0
0
0
0
0
0
0
0
0
0
0
0
0
0
0
0
0
0
0
0
0
0
0
0
0
0
0
0
0
0
0
0
0
0
0
0
0
0
0
0
0
0
0
0
0
0
0
0
0
0
0
0
0
0
0
0
0
0
0
0
0
0
0
0
0
0
0
0
0
0
0
0
0
0
0
0
0
0
0
0
0
0
0
0
0
0
0
0
0
0
0
0
0
0
0
0
0
0
0
0
0
0
0
0
0
0
0
0
0
0
0
0
0
0
0
0
0
0
0
0
0
0
0
0
0
0
0
0
0
0
0
0
0
0
0
0
0
0
0
0
0
0
0
0
0
0
0
0
0
0
0
0
0
0
0
0
1
1
1
1
1
1
1
1
1
1
1
1
1
1
1
1
1
1
2
2
2
2
2
2
3
3
3
4
4
5
5
5
6
8
8
8
8
10
10
15
15
15
15
15
16
16
32
40
40
40
40
48
70
70
70
70
72
72
80
80
80
84
122
122
122
122
122
122
128
128
128
128
128
128
128
129
129
129
129
292
292
368
538
568
568
591
624
624
624
624
624
624
696
696
696
696
696
696
1024
1024
1024
1024
1069
1071
1152
4096
4096
4096
18696
29290
29290
32764
32764
32764
32764
32764
32764
32764
32764
32764
32764
32764
32764
32764
32764
32764
32764
32764
32764
32764
32764
32764
32764
32764
32764
32764
32764
32764
32764
32764
32764
32764
32764
32764
32764
32764
32764
32764
32764
32764
32764
32764
32764
32764
32764
32764
32764
32764
32764
32764
32764
32764
32764
32764
32764
32764
32764
32764
32764
32764
32764
32764
32764
32764
32764
32764
32764
32764
139264
393216
393216
393216
684032
1441812
2097252
2551808
2551808
2551808
2551888
2551888
2551888
2555904
2555904
2555904
2555904
2562030
3932200
4194304
4194432
4202496
4202560
4202560
4203024
4203024
4203024
4203847
4204033
4204057
4205549
4223016
4223024
4456540
5177423
5439556
5636180
6029364
6029377
6029377
6029392
6029412
6029413
6029421
6357106
6483864
6483864
6483864
6484056
6484096
6484992
6485072
6485488
6485496
6485593
6485593
6485792
6485792
6485872
6485896
6486736
6486873
6486873
6487177
6487344
6487449
6487449
6488169
6553710
6619182
6619234
6619244
6619245
6619251
6619256
6815839
6881380
6881382
6946816
6946816
6946816
6946816
6946816
6946816
6946816
6947152
6947152
6947560
6947672
6948696
6951519
6951520
6951520
6951728
6951760
6951770
6951776
6951856
6951872
6951888
6951888
6951888
6951898
6951904
6951968
6951968
6951984
6953946
6956000
6956000
7012467
7077988
7143424
7143424
7143424
7143424
7143424
7143424
7143424
7143424
7143424
7143424
7143424
7143424
7143519
7143535
7143541
7143760
7143760
7143760
7143760
7143760
7143760
7145296
7145376
7154192
7154248
7154590
7154688
7156608
7156608
7156608
7156608
7156608
7156732
7156736
7167040
7168656
7169696
7169696
7169696
7169696
7169696
7169704
7169706
7169711
7169712
7169712
7170448
7171073
7171168
7171168
7171176
7171183
7171184
7171424
7172240
7178592
7178592
7178592
7178752
7181008
7181008
7181008
7181018
7181024
7181024
7181024
7181024
7181168
7181168
7181376
7181376
7181376
7181376
7181376
7181376
7181386
7181392
7181392
7182528
7182528
7182544
7209010
7209055
7209057
7209065
7274582
7274611
7471205
7471207
7536754
7602290
7667820
7733349
9175178
9175178
11927732
16777216
16777216
33554434
33554434
34078774
34603778
50397953
50463489
50463490
50463490
50463490
50463490
50463490
50463490
50463490
50463490
251658255
251658255
268501009
352387092
429065504
620757284
620757284
620757284
620757284
620757284
620757284
1263880921
1263881161
2130706559
2130706559
2147353345
2147353472
2147353476
2147353476
2147353476
2147353477
2147353477
2147353477
