10
20
22
23
25
28
29
29
29
32
37
38
41
42
42
42
44
45
51
53
54
54
54
56
59
61
71
73
76
83
85
85
86
100
106
113
117
119
124
130
140
141
143
143
143
145
146
149
154
156
160
165
169
170
171
176
178
180
182
183
187
194
194
203
210
214
214
216
216
222
223
227
230
236
250
254
257
258
260
261
264
271
273
280
282
283
287
288
289
290
293
293
297
298
301
304
304
314
314
314
316
317
318
319
322
324
327
329
336
351
356
356
357
361
366
371
373
381
383
390
392
393
394
405
414
415
417
424
424
424
425
427
430
434
440
451
456
465
465
468
473
473
475
477
481
482
483
485
485
486
489
490
492
493
504
504
509
513
520
520
521
526
527
530
537
538
542
550
551
556
557
566
566
571
581
592
597
597
601
602
605
609
609
610
611
618
624
627
627
635
638
638
640
642
649
650
651
663
665
668
672
674
676
679
679
682
684
686
686
687
688
690
691
693
694
703
704
705
711
713
718
723
724
727
735
735
746
746
749
751
758
758
760
761
767
768
775
779
779
784
789
799
803
819
826
828
828
834
836
844
852
856
859
860
870
876
887
889
897
901
910
912
913
914
933
938
939
941
942
942
943
945
945
946
947
949
950
963
967
971
973
976
994
1003
1004
1008
1011
1011
1012
1016
1018
1019
1022
1023
1026
1031
1031
1032
1036
1041
1050
1062
1065
1072
1072
1073
1076
1081
1087
1088
1098
1099
1104
1109
1110
1111
1114
1120
1132
1133
1142
1143
1151
1154
1162
1169
1170
1171
1175
1185
1187
1190
1193
1201
1201
1201
1206
1214
1222
1222
1223
1233
1250
1254
1262
1265
1265
1270
1283
1289
1291
1293
1314
1314
1315
1315
1319
1335
1338
1348
1351
1356
1358
1358
1359
1362
1364
1372
1375
1399
1402
1403
1411
1412
1417
1417
1422
1424
1426
1431
1437
1438
1448
1452
1453
1455
1458
1459
1460
1485
1497
1504
1506
1509
1511
1513
1515
1516
1516
1521
1536
1538
1539
1540
1542
1543
1544
1544
1546
1547
1548
1548
1549
1550
1557
1557
1562
1566
1566
1577
1578
1579
1585
1588
1589
1590
1602
1602
1618
1621
1625
1627
1627
1628
1630
1630
1635
1638
1644
1649
1651
1654
1656
1658
1659
1660
1663
1668
1674
1677
1680
1695
1695
1700
1706
1706
1707
1714
1719
1722
1724
1725
1727
1735
1735
1742
1753
1759
1759
1761
1764
1764
1764
1770
1774
1782
1787
1790
1791
1808
1813
1816
1825
1825
1826
1830
1830
1833
1833
1842
1843
1845
1854
1856
1862
1865
1870
1870
1871
1875
1882
1886
1895
1899
1902
1906
1914
1925
1927
1931
1932
1939
1946
1949
1952
1955
1955
1957
1959
1962
1962
1965
1967
1972
1973
1975
1978
1986
1986
1991
1994
1995
1997
1998
2000
2004
2008
2009
2009
2012
2016
2019
2022
2036
2039
2041
2045
2059
2061
2068
2073
2076
2078
2081
2083
2088
2089
2094
2107
2113
2114
2115
2116
2117
2126
2128
2130
2133
2143
2146
2147
2154
2155
2155
2162
2169
2172
2174
2177
2182
2189
2191
2191
2192
2192
2196
2203
2203
2213
2221
2224
2225
2228
2231
2234
2235
2241
2257
2265
2271
2271
2280
2286
2288
2292
2293
2296
2297
2300
2303
2304
2304
2304
2307
2309
2310
2311
2323
2325
2331
2334
2335
2344
2354
2356
2360
2363
2364
2369
2370
2384
2387
2410
2411
2412
2414
2414
2419
2422
2423
2424
2429
2429
2440
2440
2444
2461
2464
2467
2467
2468
2468
2475
2478
2478
2484
2484
2484
2486
2489
2494
2501
2505
2511
2512
2524
2528
2533
2535
2539
2541
2541
2542
2549
2550
2550
2556
2560
2577
2585
2586
2589
2590
2594
2599
2601
2605
2607
2608
2618
2619
2620
2626
2626
2626
2635
2637
2647
2649
2652
2652
2653
2655
2659
2663
2664
2669
2671
2675
2679
2689
2696
2696
2697
2699
2701
2702
2705
2705
2706
2713
2717
2726
2730
2737
2741
2742
2757
2759
2763
2772
2772
2778
2787
2788
2799
2799
2801
2809
2814
2815
2824
2834
2837
2839
2849
2851
2866
2868
2869
2870
2876
2878
2888
2889
2894
2894
2897
2901
2901
2903
2903
2910
2914
2924
2925
2925
2930
2933
2933
2936
2944
2946
2956
2959
2963
2963
2963
2964
2970
2972
2975
2990
2996
3002
3004
3007
3009
3009
3021
3024
3036
3038
3039
3040
3061
3068
3073
3074
3076
3089
3091
3094
3102
3103
3108
3110
3112
3116
3118
3125
3130
3142
3146
3153
3153
3157
3158
3165
3170
3174
3186
3186
3188
3193
3196
3196
3197
3197
3200
3201
3206
3217
3222
3225
3241
3246
3248
3256
3259
3263
3263
3265
3265
3272
3282
3282
3286
3287
3298
3310
3315
3317
3319
3323
3324
3330
3334
3338
3343
3343
3349
3351
3351
3354
3358
3360
3362
3370
3376
3377
3385
3392
3393
3406
3423
3427
3431
3433
3435
3442
3447
3449
3458
3462
3463
3478
3479
3488
3488
3490
3498
3499
3507
3512
3519
3528
3530
3539
3549
3557
3558
3559
3562
3574
3575
3585
3586
3590
3592
3594
3596
3601
3603
3606
3612
3617
3620
3623
3625
3626
3628
3628
3630
3630
3636
3645
3647
3656
3669
3674
3677
3691
3702
3712
3712
3719
3725
3729
3738
3749
3754
3754
3755
3757
3758
3760
3776
3784
3789
3791
3797
3802
3806
3812
3814
3816
3816
3819
3830
3832
3832
3834
3841
3845
3848
3851
3852
3856
3867
3870
3871
3879
3882
3883
3891
3893
3896
3901
3903
3904
3913
3924
3929
3935
3937
3939
3943
3945
3950
3955
3959
3960
3972
3977
3978
3983
3987
3993
3999
